[oculta_1]
W (pesos Wij) =
[[ 0.39991036  0.18606173 -0.17199345  0.44816172 -0.43364748  0.13180539
   0.51513153 -0.36345646  0.06210132  0.12725638 -0.41748342 -0.0898354
   0.5103932  -0.00790698 -0.0330411   0.30861926]
 [-0.45799705 -0.29059628 -0.01278014 -0.4544168  -0.47854897  0.330141
   0.45928234 -0.2641712   0.40499133 -0.38381645 -0.03350145  0.02900405
   0.10171886 -0.2855154  -0.33229193  0.5368516 ]
 [-0.3683692  -0.07025655 -0.26585385 -0.4061916   0.2582537  -0.3502313
   0.18000057  0.11932393 -0.43092948  0.0389493  -0.16784494 -0.14779125
   0.48856047 -0.05763078 -0.00432712 -0.21709713]
 [-0.40158284  0.20977873  0.12638062  0.00787133 -0.4561639  -0.39565057
   0.28776315  0.3517312  -0.06632055 -0.20053186 -0.49017563 -0.45800492
   0.2678469   0.36823365 -0.13537869  0.23833641]
 [-0.16237757  0.27444607 -0.17545275 -0.07572544  0.3758326   0.30332014
   0.18737175  0.37297755  0.3969096  -0.27377266  0.15518454 -0.4361029
   0.48945722  0.2462918   0.0344529  -0.29745236]
 [-0.33730245  0.46042958 -0.4450682  -0.16415404 -0.28898498 -0.32181218
   0.39322123  0.3750657   0.11949801  0.06168767  0.0687986   0.23069964
  -0.03641075 -0.41148362  0.44005257 -0.15782668]
 [ 0.31202433  0.36110067 -0.12690933 -0.42910102  0.4811185   0.31726113
   0.0678624  -0.30053943 -0.27704278  0.27180028 -0.47669894 -0.16015762
   0.41761827 -0.04126624 -0.30443707  0.19805002]]
b (bias bi) =
[ 0.00172868 -0.02579979  0.0081125  -0.01536797  0.02877618 -0.02202325
  0.0012183  -0.01182822  0.02196511 -0.01051685  0.02937994  0.01332934
  0.03206414  0.02497259  0.02645607  0.03104113]

[oculta_2]
W (pesos Wij) =
[[ 0.47689277 -0.00536854  0.28440598  0.25414294  0.29376265 -0.38532376
   0.18961766  0.04083476]
 [-0.44157717 -0.16118091 -0.2443148   0.03925055  0.1027552   0.12995948
   0.02214568 -0.4912583 ]
 [ 0.260233    0.33041096 -0.36561763  0.07069154  0.24954309  0.46100193
   0.04014591  0.4694434 ]
 [ 0.17630558  0.3735336  -0.01235257 -0.26985925  0.0964075   0.02522963
  -0.23708273  0.06647567]
 [ 0.4300838   0.30101502 -0.3330694  -0.4293542  -0.41833064 -0.3429665
  -0.38731337 -0.13766871]
 [-0.2079517   0.42058778  0.04264503  0.2757599   0.20333157  0.46967357
  -0.4323401  -0.26252645]
 [-0.27134907 -0.2672868   0.28921667  0.23780613  0.5106981   0.03738076
   0.38650513  0.24376969]
 [ 0.07055094  0.52065504  0.11322591 -0.16631527  0.25429186 -0.25969577
  -0.36242285 -0.05907625]
 [ 0.07656505  0.16531233  0.07835398 -0.19706337  0.32797083 -0.26557267
   0.50889325  0.10127325]
 [-0.39799362 -0.03431246  0.24447435  0.46502274  0.3936177  -0.31850052
  -0.01854158 -0.49329948]
 [ 0.18363032 -0.02248528  0.37015796  0.39896992  0.28693616 -0.1921063
  -0.24795602  0.21601467]
 [ 0.0081413  -0.28540233 -0.34496802  0.36017844 -0.44011045  0.37029797
  -0.0898976  -0.46438578]
 [ 0.19004205 -0.20851092  0.18921782  0.23425294  0.1895697  -0.2382781
   0.13713057 -0.08203612]
 [ 0.52135015 -0.22719534 -0.43377924 -0.23055199 -0.04218532 -0.42160034
  -0.45159468 -0.16862409]
 [-0.01712741  0.5076115  -0.4754544   0.3337373  -0.3058294   0.19740683
   0.0510537  -0.27879107]
 [ 0.2640205  -0.3080014  -0.04799072 -0.28252983  0.52695596 -0.45499957
   0.080098    0.10249152]]
b (bias bi) =
[ 0.03216093 -0.00159991  0.03559684  0.00062974 -0.02152971 -0.0009602
  0.02671594  0.01722245]

[saida]
W (pesos Wij) =
[[ 0.53760755 -0.06691518 -0.16490546]
 [-0.44786432 -0.18657246  0.55563134]
 [-0.61109394 -0.05413368 -0.67373836]
 [-0.5795994  -0.24001853  0.21066815]
 [-0.23316795  0.75741667  0.07939148]
 [-0.29823    -0.06623594  0.08614723]
 [-0.21022564  0.00312468 -0.12982878]
 [ 0.6884608  -0.4947093  -0.42686865]]
b (bias bi) =
[ 0.03242951 -0.02500593 -0.01086044]

